1040
1080
1120
1122
1125
1145
1150
1160
1200
1240
1260
1280
1305
1310
1320
1350
1360
1400
1480
1440
1520
1540
1560
1580
1600
1620
1640
1660
1680
1720
1740
1760
1800
1840
1880
1890
1900
1920
1930
1950
1960
2000
2020
2030
2040
2080
2120
2160
2180
2190
2200
2240
2281
2290
2320
2330
2335
2340
2360
2400
2440
2520
2560
2580
2600
2620
2640
2650
2655
2670
2680
2700
2710
2720
2750
2760
2800
2840
2880
2900
2920
2960
2975
2980
2985
2995
3000
3040
3060
3080
3120
3150
3160
3180
3200
3240
3280
3285
3290
3320
3350
3360
3400
3440
3480
3500
3520
3560
3580
3600
3605
3610
3620
3640
3660
3680
3700
3710
3720
3740
3760
3800
3810
3840
3850
3870
3920
3880
3960
3980
4000
4040
4080
4100
4120
4150
4160
4200
4240
4280
4320
4360
4400
4420
4480
4520
4560
4600
4640
4680
4720
4760
4800
4840
4880
4890
4900
4920
4940
5000
5015
5080
5120
5140
5160
5170
5190
5200
5240
5280
5330
5345
5350
5360
5380
5400
5480
5520
5560
5600
5640
5660
5720
5775
5790
5800
5880
5910
5920
5945
5960
5990
6015
6020
6080
6120
6160
6200
6240
6280
6320
6340
6360
6400
6440
6450
6480
6520
6560
6580
6600
6640
6660
6680
6690
6720
6740
6760
6780
6800
6820
6840
6880
6895
6920
6960
7080
7120
7160
7200
7240
7320
7360
7400
7440
7460
7480
7485
7490
7500
7510
7520
7560
7600
7610
7620
7640
7680
7720
7760
7800
7840
7880
8000
7920
6980
7000
7040
8040
8050
8080
8120
8140
8160
8200
8240
8280
8320
8360
8400
8440
8480
8520
8560
8600
8640
8680
8720
8735
8750
8760
8780
8800
8840
8880
8920
8940
8960
9000
9080
9040
9140
9200
9160
9240
9260
9270
9280
9320
9340
